0.132832
0.161513
0.532543
0.366734
0.164877
0.243845
0.109776
0.331777
0.013536
0.315691
0.646783
0.304314
0.521687
0.112828
0.455956
0.402518
0.211858
0.621461
0.166925
0.684448
0.097174
0.401322
0.282576
0.158581
0.484412
0.059294
0.474372
0.198829
0.325820
0.471782
0.261337
0.563045
0.071635
0.384103
0.385523
0.382059
0.049801
0.181778
0.212087
0.475422
0.533180
0.218822
0.009111
0.426431
0.544511
0.218817
0.356346
0.611956
0.369038
0.445990
0.267395
0.091124
0.301716
0.538080
0.333135
0.396279
0.389827
0.127000
0.382040
0.491044
0.316423
0.491562
0.046489
0.327759
0.296871
0.420484
0.466633
0.425120
0.603861
0.336898
0.254364
0.302521
0.025354
0.367959
0.261152
0.248011
0.380851
0.096841
0.371818
0.401533
0.164378
0.344929
0.494899
0.512593
0.098213
0.078760
0.474709
0.148670
0.416423
0.011896
0.648480
0.406945
0.327316
0.362845
0.422994
0.362006
0.244403
0.509154
0.287221
0.378942
0.286437
0.485122
0.349524
0.358454
0.626931
0.175313
0.497864
0.336279
0.252600
0.143385
0.226607
0.479506
0.217652
0.120951
0.523807
0.346261
0.292884
0.154753
0.585104
0.485602
0.521339
0.600387
0.144367
0.218657
0.081479
0.403474
0.335819
0.494484
0.155724
0.250770
0.417019
0.431733
0.278153
0.117775
0.493955
0.269347
0.398251
0.304965
0.274987
0.659398
0.165130
0.264247
0.170103
0.065645
0.011607
0.046866
0.172118
0.260234
0.134653
0.004435
0.100889
0.396140
0.161991
0.723817
0.004973
0.213631
0.282792
0.206495
0.369471
0.217661
0.468562
0.385878
0.185266
0.468673
0.488964
0.201711
0.432065
0.154938
0.191369
0.253363
0.419940
0.208652
0.478732
0.288225
0.446200
0.038706
0.094679
0.271153
0.491623
0.185918
0.005079
0.176837
0.280372
0.468505
0.718747
0.142710
0.005167
0.651299
0.126110
0.379189
0.249996
0.637888
0.007541
0.157275
0.389270
0.119125
0.075836
0.613573
0.046235
0.223960
0.276189
0.376317
0.194886
0.317856
0.552992
0.283717
0.746220
0.403401
0.338655
0.495910
0.125503
0.219510
0.291853
0.367827
0.305412
0.181962
0.160029
0.156921
0.063436
0.170509
0.166040
0.269915
0.006751
0.573827
0.672054
0.284940
0.772129
0.198955
0.456977
0.166343
0.582311
0.645367
0.063379
0.100292
0.238555
0.194072
0.297533
0.145776
0.122759
0.218160
0.312834
0.062232
0.116303
0.438379
0.770862
0.240327
0.155991
0.153671
0.241895
0.011555
0.644509
0.227729
0.450191
0.639312
0.312802
0.009055
0.308051
0.374608
0.031480
0.429931
0.011563
0.193265
0.297680
0.483890
0.534551
0.035401
0.606434
0.218263
0.293480
0.574872
0.718324
0.603829
0.302534
0.656094
0.193164
0.625001
0.472550
0.127984
0.343680
0.416809
0.007424
0.476393
0.495221
0.445842
0.330144
0.275723
0.535513
0.205530
0.521309
0.513792
0.303990
0.320371
0.342504
0.393145
0.180084
0.011896
0.010132
0.222656
0.425446
0.231349
0.278375
0.084079
0.168470
0.485676
0.256104
0.368925
0.273716
0.148481
0.457362
0.114641
0.335077
0.201261
0.103730
0.149004
0.442695
0.591535
0.259160
0.346678
0.416785
0.444868
0.260695
0.007189
0.052769
0.257112
0.282004
0.247276
0.419175
0.206486
0.128708
0.434625
0.220427
0.155865
0.428976
0.419835
0.360052
0.456506
0.564632
0.510073
0.012751
0.150746
0.408573
0.256627
0.552850
0.422917
0.368749
0.356237
0.005139
0.260430
0.005721
0.013490
0.013765
0.012379
0.173551
0.240091
0.537438
0.395754
0.022071
0.432601
0.261707
0.421714
0.042245
0.067067
0.007598
0.238582
0.005649
0.206631
0.385641
0.194187
0.401687
0.569369
0.108775
0.456863
0.211263
0.237142
0.569754
0.241155
0.206439
0.007632
0.160958
0.512382
0.247622
0.202431
0.010013
0.219210
0.452095
0.209875
0.672103
0.476092
0.456379
0.269975
0.567651
0.136443
0.250977
0.746427
0.332356
0.284747
0.006240
0.007416
0.156407
0.691795
0.180684
0.523740
0.545339
0.345203
0.317994
0.154429
0.749135
0.419468
0.698450
0.547709
0.303219
0.152236
0.007055
0.610354
0.155681
0.153989
0.031498
0.234255
0.251607
0.357546
0.009320
0.514783
0.545704
0.124920
0.120033
0.079544
0.193300
0.559688
0.260141
0.173238
0.781488
0.201895
0.278914
0.075610
0.538041
0.510614
0.163108
0.487364
0.603951
0.445925
0.217893
0.211272
0.709961
0.487994
0.270036
0.068066
0.296895
0.201544
0.378014
0.117469
0.319271
0.403098
0.654376
0.215373
0.265872
0.424248
0.073974
0.672602
0.560066
0.323116
0.144165
0.363492
0.551763
0.180798
0.438810
0.006454
0.662328
0.173540
0.185353
0.087563
0.227590
0.010143
0.307086
0.397852
0.070023
0.008697
0.192029
0.319933
0.469880
0.570253
0.314495
0.181705
0.388423
0.573770
0.570790
0.362495
0.272377
0.563551
0.006915
0.543637
0.310616
0.516713
0.590326
0.597160
0.190480
0.434405
0.525838
0.343239
0.467085
0.320713
0.363742
0.086208
0.363297
0.133052
0.509500
0.378549
0.005268
0.012685
0.461320
0.451384
0.455804
0.434021
0.239073
0.457505
0.258574
0.660341
0.006149
0.395083
0.724764
0.612672
0.442388
0.177508
0.573489
0.733507
0.062027
0.634202
0.130042
0.382463
0.248191
0.721612
0.005197
0.247256
0.487370
0.096902
0.084446
0.394853
0.319997
0.005472
0.471890
0.079639
0.333909
0.408303
0.450116
0.355804
0.302481
0.014264
0.127919
0.504362
0.220783
0.174489
0.145363
0.145606
0.265500
0.263691
0.155537
0.378860
0.442233
0.345117
0.333336
0.170065
0.333766
0.207081
0.186555
0.345415
0.502724
0.445034
0.380409
0.084327
0.014652
0.474186
0.416515
0.035770
0.466532
0.492517
0.559216
0.021180
0.526079
0.635130
0.146197
0.195499
0.522440
0.165034
0.345512
0.115043
0.301050
0.528426
0.312228
0.007361
0.166634
0.032161
0.387131
0.518769
0.416257
0.184325
0.507603
0.401176
0.367761
0.040229
0.066640
0.340739
0.563600
0.766375
0.473738
0.422411
0.757945
0.331284
0.221535
0.159215
0.301045
0.006408
0.006383
0.061893
0.278173
0.227080
0.281264
0.444216
0.244531
0.695291
0.010629
0.198346
0.377892
0.142801
0.583230
0.278347
0.480452
0.191702
0.515541
0.321527
0.411492
0.597909
0.198421
0.238505
0.495082
0.506681
0.054769
0.193461
0.446996
0.438402
0.214047
0.405769
0.406290
0.331211
0.059320
0.638204
0.192707
0.389582
0.373770
0.165799
0.420796
0.093374
0.337298
0.467221
0.209828
0.147215
0.109779
0.406489
0.138977
0.318779
0.484074
0.639928
0.075229
0.023259
0.411430
0.017025
0.394932
0.497575
0.300565
0.333748
0.768840
0.029742
0.312593
0.296999
0.756315
0.237275
0.372592
0.455844
0.299130
0.213689
0.284063
0.464466
0.123805
0.264132
0.359180
0.227453
0.282098
0.374330
0.530471
0.253920
0.108044
0.320893
0.016836
0.516861
0.190103
0.235145
0.723131
0.417724
0.379444
0.006881
0.179545
0.473268
0.388215
0.263589
0.750101
0.011585
0.552848
0.295809
0.429103
0.283333
0.350029
0.165129
0.312102
0.113688
0.400324
0.396837
0.273529
0.062886
0.009698
0.474151
0.010924
0.526196
0.093517
0.467284
0.375468
0.339056
0.100227
0.392903
0.005538
0.007669
0.118985
0.236616
0.587221
0.444771
0.418230
0.217422
0.008273
0.263304
0.271543
0.203474
0.751372
0.441017
0.579845
0.744452
0.232968
0.411368
0.571626
0.155770
0.243043
0.546521
0.437180
0.564984
0.304671
0.191149
0.301357
0.018946
0.781935
0.260535
0.518029
0.497796
0.590904
0.749365
0.010418
0.355403
0.273965
0.133118
0.379631
0.283515
0.509502
0.461432
0.702906
0.345003
0.282887
0.213614
0.226274
0.089746
0.428308
0.410571
0.005789
0.183377
0.469870
0.164305
0.679516
0.354932
0.431159
0.353059
0.331601
0.311117
0.246320
0.321126
0.176044
0.238458
0.458961
0.580445
0.071084
0.185308
0.389067
0.283316
0.145282
0.206631
0.153152
0.087224
0.347274
0.238633
0.514010
0.026238
0.306908
0.437860
0.021842
0.522950
0.639965
0.434347
0.140948
0.174802
0.174489
0.143114
0.270892
0.602932
0.210001
0.294852
0.238352
0.146022
0.409189
0.345886
0.277201
0.155775
0.276643
0.163312
0.336762
0.451862
0.728737
0.030189
0.640454
0.227720
0.007133
0.489863
0.207422
0.439690
0.244113
0.110892
0.658642
0.017065
0.569333
0.577187
0.434065
0.318257
0.481393
0.292626
0.580472
0.424425
0.414136
0.474497
0.089501
0.226284
0.039579
0.103577
0.697520
0.213911
0.239104
0.247640
0.217793
0.710233
0.120525
0.196641
0.378367
0.312722
0.302069
0.381203
0.253876
0.475688
0.456771
0.167225
0.006383
0.584561
0.428453
0.380114
0.546471
0.380470
0.091894
0.360348
0.449879
0.005569
0.375124
0.207733
0.435085
0.535928
0.573627
0.318891
0.465547
0.301385
0.114837
0.146044
0.174567
0.482590
0.242642
0.479331
0.271184
0.240141
0.123339
0.477477
0.012645
0.433070
0.007417
0.452135
0.011865
0.359003
0.192839
0.009106
0.362824
0.022682
0.180816
0.005870
0.365415
0.495775
0.328832
0.325051
0.376646
0.165280
0.352759
0.230417
0.193183
0.183715
0.397863
0.151736
0.153236
0.669552
0.463174
0.248206
0.357120
0.091218
0.295486
0.007500
0.006541
0.676733
0.086953
0.390179
0.005484
0.575849
0.096063
0.667751
0.193074
0.669666
0.191372
0.062475
0.047394
0.458085
0.376530
0.005294
0.009188
0.526609
0.448581
0.299220
0.487171
0.469199
0.232423
0.272382
0.008754
0.211544
0.471322
0.278824
0.414645
0.458265
0.175022
0.669758
0.504794
0.140086
0.149788
0.623515
0.609057
0.702747
0.390881
0.222117
0.012006
0.103237
0.546945
0.118427
0.359371
0.199022
0.630166
0.102940
0.008408
0.511144
0.373732
0.469152
0.016472
0.218182
0.502495
0.432730
0.354389
