0.119320
0.154530
0.466087
0.410218
0.125268
0.354716
0.202662
0.361117
0.112725
0.288095
0.650674
0.285006
0.543294
0.124580
0.494857
0.370312
0.331461
0.509655
0.196068
0.586952
0.106170
0.441632
0.171491
0.286074
0.421566
0.034934
0.457942
0.288896
0.305737
0.421995
0.252689
0.477314
0.083330
0.332392
0.227534
0.420303
0.019691
0.146200
0.302436
0.377880
0.477953
0.237632
0.040621
0.293523
0.512017
0.166329
0.406098
0.605428
0.353587
0.347210
0.301750
0.065934
0.257297
0.512049
0.281445
0.251507
0.395936
0.144339
0.353209
0.483413
0.376874
0.538203
0.077991
0.294400
0.295724
0.406973
0.482336
0.425887
0.545809
0.408599
0.214781
0.373736
0.339441
0.395043
0.193399
0.252730
0.448875
0.036632
0.287219
0.408564
0.260934
0.445445
0.434550
0.473106
0.146365
0.025440
0.412088
0.218864
0.280546
0.017789
0.597597
0.340217
0.365899
0.327801
0.419532
0.221792
0.382510
0.417888
0.182625
0.345849
0.317679
0.486071
0.253873
0.325829
0.515046
0.214182
0.521927
0.366835
0.336172
0.218507
0.199562
0.512448
0.177716
0.122383
0.532901
0.435087
0.227129
0.133754
0.413902
0.378336
0.461432
0.682623
0.218834
0.267683
0.058923
0.267176
0.416566
0.516561
0.207653
0.367422
0.354495
0.430853
0.273710
0.126323
0.426455
0.456918
0.364244
0.318404
0.327643
0.401093
0.228292
0.243783
0.269588
0.113028
0.131132
0.426719
0.020735
0.207971
0.200245
0.012279
0.176371
0.505963
0.227136
0.740866
0.010819
0.242572
0.312606
0.283793
0.293739
0.218381
0.426248
0.335398
0.257181
0.426719
0.396078
0.148413
0.387930
0.213413
0.098299
0.318938
0.449506
0.208823
0.464516
0.244419
0.474606
0.024693
0.094843
0.241504
0.392767
0.124687
0.101956
0.197324
0.277477
0.442862
0.606470
0.142269
0.058222
0.484264
0.196644
0.363406
0.184996
0.600590
0.017303
0.132656
0.357049
0.207417
0.200974
0.562251
0.041459
0.274977
0.265896
0.311533
0.241386
0.200689
0.545724
0.209921
0.705058
0.176387
0.247739
0.518378
0.120565
0.234478
0.388523
0.294055
0.380591
0.111273
0.127719
0.168217
0.047693
0.222813
0.242487
0.405596
0.071277
0.589463
0.719036
0.250351
0.531304
0.176721
0.445784
0.104651
0.661728
0.532448
0.042137
0.093312
0.233633
0.251037
0.258485
0.113114
0.091329
0.364627
0.173989
0.053750
0.084770
0.393725
0.665082
0.389534
0.141420
0.200953
0.290995
0.018861
0.505927
0.168321
0.448328
0.633714
0.271910
0.124959
0.251038
0.258150
0.044577
0.432853
0.031218
0.236297
0.235463
0.392066
0.441135
0.223598
0.584570
0.218327
0.258876
0.479433
0.663811
0.448825
0.244637
0.588126
0.101286
0.538471
0.383757
0.154688
0.326724
0.424935
0.014869
0.484837
0.523106
0.510520
0.388151
0.353835
0.548471
0.101341
0.354454
0.358595
0.273777
0.261010
0.411887
0.336551
0.226558
0.014429
0.012762
0.331112
0.576769
0.332130
0.225888
0.050706
0.218410
0.392960
0.227854
0.403105
0.314405
0.141700
0.433456
0.128014
0.365834
0.173426
0.219488
0.116116
0.380904
0.627168
0.309887
0.267975
0.371560
0.540626
0.224792
0.064994
0.092338
0.197382
0.258983
0.290475
0.461409
0.226360
0.198614
0.314947
0.239818
0.086756
0.387777
0.452790
0.269617
0.410959
0.527128
0.471728
0.246510
0.183630
0.353635
0.288027
0.427548
0.458183
0.376057
0.518143
0.011959
0.349601
0.088824
0.093144
0.134128
0.104451
0.396412
0.320308
0.384657
0.709262
0.278270
0.302351
0.324733
0.481125
0.247678
0.071441
0.012419
0.262182
0.013786
0.277732
0.434623
0.219599
0.459752
0.462988
0.126944
0.427624
0.233060
0.241387
0.642212
0.282967
0.211436
0.135178
0.129929
0.351112
0.258640
0.156562
0.095114
0.193744
0.437271
0.176244
0.639764
0.380291
0.415528
0.200255
0.417070
0.277713
0.316819
0.785423
0.356157
0.457815
0.011327
0.015140
0.110251
0.636959
0.170977
0.494734
0.515927
0.372043
0.367350
0.161511
0.768634
0.464695
0.565223
0.465801
0.204392
0.207923
0.019638
0.604134
0.198820
0.165339
0.032620
0.110150
0.195632
0.258750
0.012742
0.592514
0.490911
0.264472
0.138662
0.056198
0.227070
0.540365
0.323034
0.202456
0.819345
0.107080
0.203759
0.066198
0.485726
0.495859
0.184955
0.128430
0.582762
0.466408
0.144364
0.182006
0.694901
0.466647
0.311604
0.047971
0.323813
0.299477
0.400155
0.078374
0.358092
0.382073
0.634873
0.109685
0.198317
0.454369
0.054145
0.554833
0.588548
0.291058
0.165187
0.259448
0.597557
0.261593
0.412874
0.012048
0.663697
0.347324
0.190377
0.082519
0.394419
0.020178
0.225288
0.307042
0.072535
0.017215
0.151971
0.368857
0.391193
0.583887
0.334106
0.175801
0.438926
0.508433
0.499588
0.443033
0.280896
0.561052
0.026266
0.559642
0.287938
0.436387
0.459370
0.573795
0.089527
0.357482
0.358127
0.440918
0.498411
0.368272
0.361018
0.139656
0.492392
0.187172
0.397930
0.320942
0.012561
0.017770
0.456625
0.472094
0.442405
0.408297
0.084766
0.531218
0.296083
0.429556
0.013764
0.325727
0.682752
0.556617
0.432674
0.234444
0.562951
0.584827
0.101195
0.623170
0.133584
0.374762
0.196930
0.729611
0.011068
0.254626
0.496540
0.104946
0.055296
0.336937
0.330962
0.012521
0.386957
0.055267
0.339109
0.494735
0.438744
0.253254
0.224194
0.014771
0.157945
0.482202
0.240554
0.102437
0.178702
0.108764
0.510818
0.340525
0.175781
0.553938
0.465384
0.245106
0.326158
0.279220
0.388741
0.357424
0.223697
0.389016
0.454130
0.363968
0.255584
0.051874
0.114083
0.524344
0.402879
0.014817
0.380286
0.474839
0.556539
0.141690
0.499773
0.510252
0.140399
0.180202
0.379240
0.204282
0.348473
0.120728
0.338493
0.479238
0.149239
0.014856
0.141135
0.033671
0.401215
0.527675
0.536180
0.204234
0.479694
0.443431
0.357173
0.269852
0.034857
0.387110
0.500243
0.772440
0.428390
0.552279
0.726927
0.321195
0.176046
0.186635
0.327552
0.017588
0.061296
0.291912
0.228294
0.208274
0.214214
0.356870
0.239655
0.721964
0.095932
0.158084
0.346613
0.174125
0.651664
0.236341
0.401970
0.149583
0.531174
0.348561
0.525798
0.509637
0.205887
0.240171
0.467078
0.486228
0.054157
0.212508
0.501002
0.407790
0.218711
0.331167
0.366092
0.333419
0.038318
0.562538
0.095908
0.383046
0.436405
0.248622
0.439111
0.165351
0.306877
0.446522
0.402560
0.172886
0.188087
0.303277
0.083789
0.239293
0.462899
0.559988
0.206755
0.015110
0.309500
0.015039
0.325095
0.523360
0.345927
0.374772
0.612768
0.176949
0.433786
0.310655
0.715290
0.272549
0.264502
0.470831
0.382218
0.124427
0.315734
0.380040
0.135001
0.046192
0.441053
0.222728
0.372129
0.470004
0.421970
0.294490
0.199342
0.307890
0.039166
0.536756
0.300275
0.299176
0.731065
0.362680
0.462249
0.014891
0.218828
0.604082
0.431195
0.248328
0.614183
0.030799
0.391871
0.310648
0.465258
0.250968
0.298497
0.205543
0.374313
0.231632
0.362577
0.307809
0.256905
0.043114
0.235607
0.506126
0.026864
0.341326
0.130797
0.420120
0.324427
0.515398
0.159551
0.386794
0.051895
0.030689
0.136835
0.109055
0.500801
0.493474
0.405476
0.219006
0.140023
0.326798
0.403230
0.453235
0.651066
0.346002
0.509712
0.661594
0.196115
0.367246
0.548401
0.204814
0.331714
0.445349
0.320904
0.600639
0.369450
0.205527
0.258036
0.163845
0.777851
0.342516
0.418655
0.341438
0.584474
0.667770
0.015160
0.305855
0.217988
0.136980
0.449991
0.424720
0.450942
0.480838
0.593438
0.311575
0.237738
0.206341
0.244465
0.188474
0.486890
0.411077
0.011378
0.163033
0.440925
0.132166
0.626016
0.299204
0.410339
0.345660
0.342785
0.285479
0.240341
0.247754
0.243147
0.322816
0.419780
0.526146
0.074067
0.143601
0.358452
0.270191
0.167145
0.183875
0.174458
0.393869
0.411859
0.261542
0.560817
0.021327
0.316064
0.466226
0.033055
0.413092
0.600018
0.407697
0.155861
0.243717
0.201919
0.153054
0.253151
0.535535
0.243199
0.274943
0.233081
0.130925
0.373908
0.307002
0.335475
0.122627
0.209172
0.114361
0.383336
0.451879
0.710080
0.019606
0.612596
0.354250
0.158913
0.396222
0.207999
0.445767
0.322577
0.081684
0.632572
0.020913
0.599883
0.473845
0.355041
0.276003
0.559862
0.317821
0.624225
0.438941
0.466721
0.407569
0.071612
0.270449
0.129173
0.081485
0.744840
0.179385
0.333110
0.289201
0.193306
0.348355
0.188198
0.271341
0.342277
0.292461
0.326455
0.449231
0.307374
0.448325
0.450565
0.230029
0.139230
0.508758
0.330139
0.364257
0.496450
0.350101
0.192235
0.440936
0.352682
0.076504
0.377313
0.363304
0.480210
0.619381
0.656691
0.389108
0.464762
0.339276
0.182699
0.132824
0.307730
0.482238
0.169401
0.471783
0.354446
0.313947
0.158373
0.516748
0.018948
0.333671
0.011582
0.493211
0.222365
0.387629
0.195499
0.018392
0.328358
0.160556
0.138430
0.012177
0.221943
0.484273
0.290521
0.257215
0.460163
0.127902
0.294673
0.216558
0.294547
0.123390
0.394442
0.181096
0.162393
0.531047
0.302001
0.224110
0.339930
0.148682
0.251064
0.016262
0.016869
0.668996
0.068313
0.342259
0.014248
0.446897
0.134231
0.535609
0.212590
0.538622
0.221548
0.088379
0.177478
0.476393
0.391248
0.045758
0.013337
0.447106
0.336053
0.355431
0.487337
0.374141
0.208209
0.201102
0.054223
0.351827
0.525327
0.263009
0.408508
0.526776
0.129555
0.662147
0.529128
0.090277
0.167015
0.609372
0.552265
0.528763
0.358882
0.311895
0.017650
0.077444
0.549706
0.066220
0.363873
0.325936
0.569984
0.208185
0.014988
0.491023
0.363383
0.446913
0.027987
0.208157
0.487400
0.379904
0.330416
