0.148911
0.264912
0.486118
0.426026
0.128705
0.362494
0.189359
0.371470
0.065432
0.382621
0.697657
0.239143
0.612880
0.124162
0.531864
0.308558
0.305822
0.556655
0.193269
0.523949
0.100955
0.391982
0.249466
0.231621
0.375919
0.026527
0.440500
0.319964
0.366683
0.469332
0.245457
0.571042
0.133350
0.367048
0.434419
0.483006
0.078408
0.162823
0.317379
0.428789
0.571221
0.194473
0.028701
0.272249
0.580298
0.152120
0.396113
0.550918
0.263127
0.379728
0.303813
0.050298
0.277901
0.517789
0.250189
0.281834
0.386183
0.197529
0.360802
0.468954
0.355971
0.595734
0.097406
0.275614
0.266452
0.421561
0.371126
0.491049
0.549241
0.422551
0.155446
0.310615
0.372516
0.453300
0.192946
0.236667
0.473891
0.050694
0.407906
0.541410
0.305452
0.399125
0.391401
0.396879
0.204963
0.036640
0.370002
0.276026
0.374829
0.016375
0.631139
0.281515
0.358002
0.400038
0.422180
0.309011
0.313141
0.230128
0.160261
0.317489
0.348218
0.406603
0.353387
0.472551
0.541206
0.237199
0.518997
0.408714
0.351760
0.230848
0.200173
0.528817
0.176202
0.102540
0.523701
0.524798
0.272764
0.158877
0.262774
0.330809
0.441596
0.714050
0.239790
0.361105
0.103546
0.228494
0.380052
0.554502
0.210220
0.341579
0.376382
0.445101
0.321710
0.140835
0.344792
0.464916
0.418255
0.279235
0.442010
0.425758
0.364851
0.322351
0.250029
0.169176
0.167761
0.387160
0.022811
0.261585
0.215729
0.017465
0.147978
0.455179
0.277700
0.750615
0.058036
0.340545
0.307930
0.297571
0.232843
0.233348
0.401958
0.347419
0.305008
0.418688
0.457547
0.151973
0.407824
0.272906
0.074582
0.295895
0.445233
0.267577
0.451046
0.292011
0.432316
0.040860
0.083311
0.250912
0.451386
0.164949
0.108863
0.227318
0.261478
0.419327
0.488345
0.164971
0.034912
0.517480
0.197132
0.314226
0.259943
0.573819
0.033569
0.124406
0.360173
0.325618
0.240940
0.534986
0.199315
0.278576
0.255029
0.353376
0.232012
0.184341
0.518442
0.305349
0.707976
0.139987
0.286481
0.563358
0.144557
0.190126
0.314793
0.380426
0.378695
0.112108
0.171458
0.125583
0.052158
0.254841
0.293743
0.414606
0.058649
0.637056
0.633387
0.294714
0.519918
0.212820
0.506688
0.084155
0.701015
0.562938
0.064915
0.069792
0.209675
0.182147
0.220228
0.098278
0.240507
0.395589
0.258065
0.058893
0.055441
0.395740
0.703478
0.391589
0.142983
0.175824
0.270163
0.031069
0.413686
0.219568
0.478339
0.725003
0.333320
0.199041
0.203531
0.265632
0.192723
0.344253
0.027019
0.300187
0.294235
0.399609
0.427645
0.315163
0.511060
0.232061
0.242557
0.399063
0.626658
0.503085
0.132252
0.584108
0.131551
0.431692
0.405138
0.178901
0.396305
0.445558
0.018544
0.447361
0.576351
0.485183
0.463934
0.374319
0.514461
0.114656
0.331453
0.379771
0.258652
0.259347
0.467006
0.296487
0.225818
0.016524
0.015117
0.360976
0.560297
0.270227
0.193981
0.079361
0.191194
0.319275
0.283050
0.404939
0.353531
0.089714
0.493448
0.110134
0.414760
0.234987
0.305537
0.100409
0.437848
0.599173
0.327314
0.239660
0.362437
0.477972
0.255619
0.134246
0.146827
0.173484
0.311814
0.267432
0.537825
0.195023
0.188732
0.312391
0.223054
0.155537
0.422657
0.528393
0.333211
0.447614
0.549776
0.506584
0.186823
0.224491
0.374498
0.354975
0.394555
0.466671
0.335789
0.498367
0.012132
0.326013
0.159253
0.080346
0.215562
0.150090
0.355287
0.295674
0.423014
0.620399
0.322199
0.346142
0.277434
0.467134
0.294003
0.094511
0.047779
0.327278
0.016674
0.254617
0.429553
0.196711
0.479607
0.422620
0.112300
0.495275
0.305598
0.319391
0.568847
0.384736
0.264273
0.149117
0.105519
0.330004
0.286316
0.206503
0.084438
0.200490
0.463494
0.164532
0.569903
0.393986
0.440622
0.241482
0.422603
0.280386
0.282652
0.724307
0.399854
0.519093
0.015625
0.118332
0.126017
0.616885
0.336405
0.420081
0.478719
0.332947
0.347834
0.116928
0.681535
0.481794
0.572745
0.420698
0.187988
0.281880
0.083794
0.576419
0.224512
0.213813
0.037807
0.138264
0.222465
0.374423
0.012872
0.601488
0.426585
0.243223
0.174755
0.047247
0.210060
0.498202
0.374819
0.186115
0.753541
0.259766
0.263945
0.054383
0.497341
0.466391
0.300153
0.261981
0.565856
0.499267
0.121303
0.179161
0.551275
0.482603
0.423501
0.034825
0.261203
0.336355
0.434615
0.070588
0.359547
0.372086
0.617547
0.122249
0.217708
0.424602
0.046827
0.505393
0.591148
0.379439
0.132590
0.279059
0.603199
0.278109
0.397490
0.018044
0.718162
0.378067
0.256747
0.138689
0.418551
0.051671
0.247546
0.272889
0.138561
0.025532
0.172570
0.458322
0.445472
0.623368
0.370726
0.150523
0.524191
0.566172
0.436412
0.470975
0.292930
0.563867
0.025338
0.554242
0.241679
0.427143
0.500778
0.584377
0.202617
0.419225
0.343417
0.440998
0.470064
0.428890
0.326652
0.260053
0.426927
0.107182
0.435845
0.259576
0.011205
0.017697
0.409802
0.517179
0.451544
0.367874
0.111426
0.550223
0.322341
0.361742
0.014633
0.313083
0.703956
0.522279
0.423311
0.212133
0.513903
0.591535
0.091611
0.604502
0.108567
0.413512
0.209704
0.701776
0.013770
0.211371
0.463616
0.213000
0.041076
0.380576
0.285692
0.015450
0.409066
0.173893
0.370805
0.540529
0.440409
0.238898
0.201864
0.020687
0.200012
0.470754
0.302977
0.122146
0.247813
0.188329
0.628120
0.302755
0.201092
0.523912
0.454657
0.237619
0.372760
0.343666
0.406947
0.412923
0.152325
0.373310
0.522364
0.351963
0.268181
0.046785
0.181403
0.578617
0.286617
0.021378
0.205791
0.423338
0.552657
0.236489
0.553302
0.459543
0.135730
0.215483
0.426184
0.224161
0.362690
0.146902
0.370897
0.521786
0.047590
0.023450
0.140527
0.152551
0.421767
0.431278
0.495954
0.235558
0.519955
0.478188
0.376734
0.179891
0.032739
0.473107
0.480192
0.743373
0.405735
0.491464
0.720148
0.464518
0.126140
0.207545
0.339516
0.017188
0.172798
0.201252
0.353801
0.211705
0.249255
0.281654
0.266048
0.542482
0.078150
0.142563
0.422590
0.121757
0.607433
0.308058
0.391935
0.294692
0.538422
0.337706
0.486558
0.485195
0.204992
0.259887
0.463117
0.431230
0.060430
0.244869
0.513437
0.470709
0.215749
0.366963
0.339910
0.384617
0.042996
0.569781
0.062455
0.386283
0.457302
0.239329
0.490374
0.171890
0.355481
0.495554
0.467734
0.186637
0.187684
0.329405
0.159535
0.263852
0.450211
0.466622
0.246028
0.021295
0.212566
0.020556
0.294954
0.525909
0.331855
0.465077
0.570836
0.159069
0.374829
0.239930
0.725449
0.270282
0.295889
0.496875
0.268916
0.183391
0.297825
0.491164
0.274909
0.245623
0.410398
0.225710
0.348602
0.492166
0.469206
0.343531
0.225038
0.322520
0.042296
0.564005
0.377139
0.288678
0.718352
0.406704
0.470524
0.014293
0.241639
0.570951
0.362064
0.212274
0.606604
0.035732
0.326436
0.238771
0.490396
0.272830
0.297034
0.162813
0.344067
0.210342
0.277404
0.276212
0.220200
0.049855
0.326349
0.487604
0.030763
0.321756
0.117256
0.383692
0.339032
0.407605
0.167317
0.404461
0.052873
0.338899
0.335666
0.168097
0.393568
0.485436
0.472057
0.362903
0.147223
0.324684
0.442804
0.412439
0.637934
0.352384
0.398736
0.699988
0.229160
0.472852
0.567299
0.198385
0.299229
0.485876
0.229024
0.542935
0.326828
0.166942
0.320340
0.156753
0.714671
0.375327
0.418797
0.362128
0.599991
0.698175
0.016956
0.338482
0.195295
0.106053
0.326986
0.467655
0.443333
0.454671
0.501987
0.272755
0.258290
0.283609
0.223844
0.235872
0.541450
0.390642
0.043633
0.253638
0.358846
0.166275
0.602077
0.313428
0.413119
0.274429
0.294223
0.325277
0.282246
0.270524
0.217364
0.317693
0.430421
0.545673
0.169288
0.202023
0.432098
0.208142
0.139454
0.197690
0.255074
0.417471
0.448364
0.307551
0.424850
0.019318
0.342413
0.392590
0.035683
0.442635
0.560293
0.354235
0.159131
0.267183
0.189377
0.119930
0.247791
0.510036
0.194647
0.277049
0.270303
0.102129
0.350653
0.352500
0.304994
0.120653
0.234362
0.169525
0.480403
0.400600
0.728203
0.020288
0.615383
0.399742
0.224516
0.465777
0.259713
0.471340
0.291089
0.078514
0.647172
0.020812
0.569279
0.550281
0.385258
0.356053
0.507385
0.361197
0.685640
0.427492
0.433010
0.470468
0.071221
0.316205
0.167026
0.143179
0.743805
0.229793
0.340132
0.337660
0.278303
0.389293
0.221195
0.245189
0.350498
0.312559
0.371641
0.384908
0.259940
0.473049
0.493197
0.244214
0.137376
0.553336
0.381200
0.356510
0.500373
0.311052
0.238290
0.530775
0.352768
0.055611
0.321244
0.400040
0.453368
0.674055
0.664862
0.458741
0.527137
0.345245
0.226802
0.145039
0.367698
0.535536
0.219586
0.477314
0.419304
0.361026
0.166564
0.588897
0.020068
0.301461
0.104536
0.515425
0.174135
0.421218
0.150865
0.042313
0.311258
0.186315
0.130354
0.014302
0.172420
0.513293
0.317885
0.306481
0.489632
0.118636
0.392257
0.290825
0.307653
0.190863
0.363390
0.268195
0.158389
0.585629
0.281536
0.322802
0.317298
0.112046
0.304265
0.017615
0.021737
0.600089
0.021348
0.308243
0.013219
0.516064
0.137226
0.485469
0.287876
0.487494
0.264495
0.084928
0.200367
0.396639
0.386768
0.083591
0.013798
0.401764
0.411069
0.300625
0.488687
0.380655
0.185165
0.256503
0.071993
0.466337
0.529045
0.276795
0.418789
0.512541
0.111724
0.637839
0.525284
0.057803
0.165056
0.576754
0.503405
0.407064
0.371012
0.266513
0.026593
0.286258
0.547231
0.112389
0.307759
0.347126
0.544550
0.239675
0.023003
0.492046
0.361558
0.354232
0.080728
0.204184
0.480313
0.421970
0.390957
