0.152000
0.185264
0.448929
0.435259
0.191507
0.410366
0.161463
0.342627
0.169030
0.393489
0.665842
0.249226
0.523876
0.173512
0.524049
0.342638
0.274027
0.570172
0.182193
0.516901
0.146815
0.446748
0.266272
0.172088
0.321702
0.041364
0.311544
0.315427
0.321298
0.434091
0.283137
0.554868
0.119518
0.345187
0.465168
0.445340
0.071316
0.230343
0.271736
0.395040
0.549550
0.176200
0.024584
0.254781
0.524373
0.115749
0.354934
0.508289
0.203082
0.390855
0.252036
0.040300
0.260304
0.479013
0.274758
0.290826
0.330681
0.107252
0.374576
0.438488
0.329657
0.603698
0.113998
0.298763
0.256813
0.367160
0.391001
0.473398
0.546967
0.359816
0.160126
0.251046
0.419334
0.492748
0.259414
0.247559
0.489933
0.035806
0.372394
0.564347
0.315224
0.349273
0.387481
0.357504
0.187073
0.027753
0.381325
0.250244
0.337171
0.020373
0.562891
0.228746
0.388477
0.391163
0.468957
0.241819
0.292946
0.316157
0.160908
0.302043
0.348501
0.381449
0.315865
0.449543
0.496986
0.247565
0.510096
0.412430
0.333995
0.264311
0.187184
0.480154
0.191707
0.138749
0.548013
0.533494
0.395242
0.169744
0.302242
0.336216
0.342552
0.675478
0.199636
0.338149
0.122588
0.215675
0.350606
0.516911
0.141000
0.320791
0.323142
0.389986
0.276320
0.196123
0.308507
0.372015
0.431861
0.162782
0.349410
0.375657
0.439443
0.343782
0.296802
0.172925
0.140903
0.382804
0.025755
0.290645
0.162786
0.055064
0.120150
0.375665
0.287150
0.714255
0.102940
0.278218
0.285326
0.306971
0.162894
0.232852
0.457195
0.375426
0.256788
0.444059
0.429981
0.152784
0.453616
0.302426
0.064504
0.286522
0.388839
0.292242
0.405381
0.323154
0.403646
0.070279
0.080295
0.243573
0.444957
0.142522
0.176232
0.176509
0.256296
0.354674
0.440471
0.187706
0.047735
0.466439
0.118301
0.311315
0.301943
0.506590
0.075279
0.117479
0.308191
0.326321
0.290445
0.423993
0.163657
0.280561
0.223016
0.343836
0.220967
0.251045
0.521421
0.298470
0.728427
0.135298
0.285132
0.512824
0.109098
0.223040
0.385051
0.339360
0.381252
0.073170
0.148962
0.124822
0.036910
0.142521
0.256386
0.446851
0.047813
0.585628
0.590166
0.222595
0.559305
0.190814
0.472570
0.117640
0.654823
0.535056
0.086599
0.051763
0.201311
0.180312
0.207839
0.124748
0.203159
0.288696
0.365293
0.058663
0.117933
0.339370
0.638376
0.395614
0.123511
0.114791
0.257363
0.033258
0.364118
0.186192
0.456496
0.758847
0.301314
0.213529
0.237551
0.235066
0.233361
0.312941
0.030274
0.220283
0.258463
0.374749
0.397049
0.347652
0.389438
0.208979
0.209113
0.387708
0.620675
0.533353
0.117422
0.653020
0.203549
0.434203
0.381725
0.174419
0.382590
0.450451
0.015690
0.459026
0.540298
0.486787
0.436368
0.335365
0.453160
0.079652
0.340292
0.324817
0.277330
0.301494
0.429490
0.235312
0.276051
0.013377
0.037829
0.296923
0.421584
0.297875
0.233337
0.132639
0.217004
0.339963
0.217944
0.391829
0.332601
0.064148
0.444682
0.177887
0.357558
0.271974
0.307167
0.104737
0.398247
0.635065
0.309249
0.290627
0.317791
0.466615
0.264152
0.135018
0.129296
0.147732
0.287917
0.228433
0.473722
0.184524
0.153460
0.327993
0.265546
0.183507
0.379872
0.552600
0.323259
0.418465
0.602220
0.476343
0.232007
0.257330
0.386841
0.375635
0.376046
0.424526
0.355241
0.484642
0.019424
0.340781
0.130915
0.106468
0.237494
0.172246
0.434467
0.310568
0.388628
0.552615
0.420581
0.382824
0.313525
0.456839
0.255549
0.117739
0.151972
0.303087
0.014740
0.204456
0.408015
0.115592
0.466064
0.327455
0.124883
0.466497
0.222857
0.292813
0.525018
0.317340
0.258104
0.154124
0.078673
0.367659
0.256095
0.183196
0.135400
0.148341
0.471471
0.138059
0.493875
0.360895
0.359722
0.355582
0.446184
0.248116
0.303823
0.743550
0.438939
0.444637
0.054447
0.131323
0.084225
0.477901
0.371446
0.368280
0.498379
0.395785
0.383168
0.221474
0.632432
0.467283
0.542489
0.396167
0.139310
0.245215
0.125875
0.513369
0.186014
0.255612
0.087476
0.095437
0.313620
0.328228
0.088050
0.683462
0.346932
0.270051
0.164295
0.044391
0.223794
0.423717
0.373479
0.198730
0.809198
0.288169
0.288577
0.075351
0.477062
0.424189
0.310034
0.377101
0.543769
0.478221
0.131237
0.162840
0.565654
0.449498
0.460531
0.038285
0.250410
0.328616
0.373904
0.091350
0.355118
0.367419
0.625592
0.143509
0.220448
0.395772
0.053384
0.436054
0.593878
0.373522
0.115380
0.299909
0.564831
0.288727
0.356532
0.018959
0.652261
0.389349
0.204568
0.136828
0.403177
0.047076
0.231989
0.240906
0.130093
0.056419
0.141005
0.477864
0.408606
0.568502
0.368340
0.116140
0.520714
0.501077
0.408004
0.351675
0.288559
0.551663
0.022403
0.560955
0.343599
0.421305
0.442967
0.580912
0.193967
0.362488
0.388891
0.432184
0.405874
0.386475
0.339374
0.239776
0.391537
0.100588
0.385984
0.199739
0.014529
0.045937
0.420715
0.494766
0.415025
0.330110
0.132773
0.456788
0.383871
0.241097
0.045550
0.325549
0.715840
0.497297
0.459408
0.241605
0.445812
0.633272
0.081469
0.578722
0.183835
0.362426
0.195675
0.717319
0.014363
0.223083
0.436494
0.223789
0.089748
0.351065
0.306978
0.015049
0.340163
0.188995
0.339803
0.547908
0.450509
0.244289
0.233199
0.097042
0.140940
0.339640
0.269521
0.231283
0.181878
0.134686
0.545483
0.308291
0.209196
0.572419
0.475634
0.177520
0.332787
0.360568
0.392778
0.446302
0.242565
0.397656
0.509394
0.352014
0.288392
0.044846
0.145866
0.522504
0.310144
0.019127
0.156512
0.370013
0.533308
0.270040
0.531269
0.463908
0.175830
0.171933
0.414061
0.181244
0.368039
0.146012
0.335001
0.511702
0.066592
0.051976
0.112001
0.117809
0.404247
0.461902
0.475448
0.209068
0.527067
0.492696
0.370065
0.144355
0.028299
0.389209
0.482918
0.761224
0.371628
0.396813
0.644247
0.413154
0.091228
0.219468
0.268861
0.040629
0.136343
0.179166
0.322755
0.184139
0.274796
0.244493
0.303131
0.470702
0.070790
0.115672
0.368985
0.047537
0.552117
0.293443
0.368761
0.299510
0.551780
0.317167
0.469906
0.481925
0.198241
0.205865
0.382173
0.394262
0.056161
0.251409
0.455932
0.420323
0.218329
0.372307
0.309570
0.372364
0.091682
0.630825
0.078057
0.330904
0.423575
0.273221
0.440759
0.172778
0.280858
0.477680
0.422001
0.190510
0.186856
0.310532
0.152647
0.271828
0.435802
0.417009
0.245240
0.021714
0.181522
0.014839
0.294798
0.484675
0.302955
0.490937
0.438463
0.202420
0.329583
0.222620
0.725528
0.266181
0.335084
0.524478
0.250785
0.209625
0.286216
0.504089
0.141759
0.248227
0.386152
0.209657
0.321455
0.476933
0.421249
0.301958
0.217073
0.302289
0.032086
0.508521
0.348664
0.228902
0.644993
0.340226
0.450542
0.036637
0.252209
0.515179
0.362627
0.178909
0.541085
0.065812
0.353149
0.249127
0.458341
0.217480
0.276473
0.171002
0.395869
0.192006
0.328795
0.238643
0.202489
0.057955
0.320379
0.469574
0.029360
0.297842
0.117883
0.395522
0.316267
0.401313
0.132065
0.369185
0.046195
0.425792
0.393097
0.166114
0.391700
0.438367
0.381798
0.369731
0.139995
0.299112
0.413669
0.313146
0.663045
0.351834
0.361556
0.630412
0.264269
0.386225
0.631617
0.184700
0.321598
0.466652
0.228174
0.504944
0.320155
0.150070
0.264030
0.160949
0.692221
0.347365
0.417685
0.339717
0.536033
0.689330
0.016215
0.348720
0.169732
0.076123
0.300943
0.391329
0.463647
0.463110
0.497469
0.317926
0.247596
0.323344
0.224056
0.187696
0.546353
0.380885
0.045467
0.306932
0.399500
0.137449
0.563329
0.313953
0.437349
0.277640
0.280734
0.304630
0.265899
0.369781
0.181566
0.318990
0.437195
0.492651
0.136409
0.198719
0.428617
0.149958
0.192834
0.162209
0.249898
0.390841
0.418147
0.301154
0.426803
0.020450
0.325395
0.397226
0.066055
0.465030
0.509112
0.375432
0.167895
0.252962
0.226650
0.143385
0.176287
0.530969
0.190811
0.340662
0.205335
0.102256
0.324775
0.385200
0.341883
0.138203
0.204572
0.181517
0.445077
0.326397
0.722198
0.016385
0.555121
0.353051
0.141099
0.434319
0.189448
0.377995
0.276330
0.064880
0.554730
0.047908
0.525225
0.498239
0.358710
0.363282
0.530200
0.285868
0.668391
0.390406
0.467204
0.384466
0.085768
0.274776
0.142417
0.150889
0.776153
0.216266
0.316184
0.380738
0.265636
0.377763
0.219780
0.175416
0.363482
0.345569
0.357647
0.370563
0.254218
0.491745
0.441027
0.198417
0.110710
0.547159
0.374827
0.388774
0.489068
0.363533
0.227195
0.503339
0.313961
0.132630
0.287169
0.451942
0.471807
0.663155
0.552664
0.405642
0.431715
0.344919
0.184330
0.154278
0.445052
0.502813
0.179409
0.471267
0.346884
0.334238
0.150274
0.566485
0.016423
0.285964
0.108318
0.516165
0.136171
0.366183
0.156965
0.093497
0.317983
0.258116
0.089308
0.046384
0.174533
0.502111
0.355323
0.252929
0.419382
0.148011
0.370268
0.277139
0.257074
0.194088
0.337023
0.271098
0.150559
0.565995
0.288400
0.329042
0.293123
0.124784
0.320907
0.015884
0.084790
0.665991
0.075815
0.305605
0.014967
0.463098
0.115592
0.501339
0.305403
0.378956
0.209248
0.073066
0.176365
0.320289
0.412677
0.106127
0.014087
0.373207
0.395647
0.299662
0.455460
0.351958
0.202534
0.253322
0.114459
0.426381
0.551634
0.294458
0.397389
0.483873
0.107286
0.637771
0.558066
0.068107
0.193334
0.556977
0.449709
0.432453
0.378558
0.278300
0.048293
0.276575
0.484920
0.101083
0.347870
0.309671
0.571072
0.217700
0.021004
0.408481
0.447796
0.330529
0.099626
0.143748
0.480925
0.366924
0.318655
