0.026758
0.128173
0.570008
0.337099
0.196034
0.362354
0.160403
0.371333
0.006880
0.277883
0.561521
0.145574
0.607301
0.118992
0.430392
0.007049
0.360766
0.647584
0.201848
0.635198
0.005399
0.029938
0.021537
0.401865
0.329633
0.002962
0.504483
0.007168
0.207437
0.251840
0.263402
0.566454
0.084040
0.093179
0.240463
0.440522
0.018652
0.200503
0.009879
0.468537
0.454922
0.013979
0.005413
0.570666
0.530291
0.175815
0.329951
0.529688
0.475844
0.373541
0.356420
0.002734
0.252420
0.522786
0.277242
0.532219
0.565461
0.002656
0.455672
0.020016
0.004184
0.423107
0.164562
0.284307
0.327841
0.483070
0.377044
0.262182
0.384898
0.593916
0.303296
0.467151
0.020583
0.565943
0.126368
0.304012
0.407186
0.491222
0.282248
0.356081
0.016731
0.350864
0.498293
0.887018
0.006150
0.215959
0.598454
0.006655
0.643751
0.210067
0.536929
0.308781
0.357918
0.522930
0.549901
0.455246
0.011044
0.659863
0.384795
0.423018
0.297071
0.162466
0.134040
0.568475
0.723248
0.083074
0.598857
0.606588
0.175122
0.003015
0.008700
0.469281
0.536063
0.223161
0.431635
0.148132
0.393640
0.003316
0.803217
0.489549
0.855870
0.711490
0.168950
0.030083
0.136275
0.537772
0.308265
0.561647
0.296240
0.070517
0.189996
0.346291
0.178912
0.040487
0.562129
0.247221
0.905242
0.287058
0.034039
0.664400
0.002813
0.250075
0.304640
0.003046
0.015838
0.062425
0.054750
0.276075
0.105784
0.005160
0.004188
0.444903
0.205379
0.666486
0.003214
0.003362
0.284379
0.188741
0.325029
0.184371
0.526697
0.530196
0.160548
0.365616
0.566175
0.164270
0.457052
0.193666
0.297434
0.273389
0.423671
0.392695
0.455294
0.254688
0.402500
0.004118
0.006959
0.243977
0.582501
0.143185
0.003335
0.168765
0.363320
0.535122
0.652240
0.142066
0.035206
0.752879
0.180781
0.606620
0.189102
0.359708
0.003414
0.198107
0.244574
0.325238
0.004292
0.941937
0.002795
0.567192
0.268017
0.645619
0.326194
0.558075
0.425003
0.442203
0.590298
0.618819
0.383345
0.645927
0.215238
0.496976
0.446347
0.398203
0.398996
0.200926
0.275310
0.036950
0.059612
0.093430
0.283096
0.231585
0.003655
0.644697
0.519018
0.408366
0.861633
0.284850
0.494600
0.302455
0.334372
0.555995
0.076118
0.003466
0.340423
0.003552
0.474651
0.122650
0.002777
0.004003
0.258710
0.002639
0.164084
0.263111
0.809413
0.300825
0.240409
0.266499
0.292450
0.003631
0.757147
0.250696
0.469032
0.404277
0.004780
0.152493
0.002853
0.282541
0.015302
0.462303
0.076631
0.065048
0.013608
0.344182
0.385347
0.004480
0.240384
0.002963
0.722414
0.683204
0.713893
0.920981
0.062021
0.913390
0.551590
0.909662
0.370456
0.002954
0.283255
0.358239
0.020471
0.295995
0.813920
0.758965
0.839251
0.256324
0.475504
0.327216
0.223754
0.566983
0.345692
0.289022
0.177260
0.394293
0.403306
0.006070
0.007564
0.207953
0.402604
0.203356
0.433758
0.357071
0.007222
0.433398
0.249515
0.299153
0.372644
0.142559
0.407388
0.247362
0.398355
0.160711
0.152208
0.278915
0.616873
0.668950
0.331754
0.274871
0.421777
0.486704
0.246686
0.003476
0.078194
0.002731
0.466394
0.398368
0.419825
0.114637
0.004030
0.502600
0.138540
0.002467
0.316690
0.351290
0.154372
0.525358
0.467806
0.403065
0.019377
0.177698
0.525284
0.127792
0.595808
0.505072
0.013397
0.402879
0.002445
0.269970
0.003039
0.004754
0.003280
0.036480
0.320651
0.221848
0.380051
0.004228
0.004611
0.302302
0.261545
0.395973
0.039764
0.002382
0.003229
0.474420
0.002657
0.009644
0.236034
0.004850
0.552050
0.631224
0.199322
0.455795
0.365103
0.553972
0.841602
0.257012
0.004442
0.011198
0.169085
0.284154
0.618072
0.516101
0.003418
0.031496
0.407998
0.308727
0.664505
0.653773
0.460668
0.049236
0.606087
0.226244
0.175423
0.835315
0.470507
0.349273
0.003034
0.003195
0.063390
0.559678
0.184624
0.603222
0.599095
0.365957
0.418182
0.328513
0.816214
0.507862
0.710479
0.606646
0.273592
0.134515
0.006619
0.564582
0.369774
0.315536
0.012005
0.225648
0.286508
0.770253
0.002493
0.767443
0.281787
0.155610
0.090066
0.210398
0.034307
0.679929
0.122985
0.372875
0.905979
0.365836
0.397899
0.003075
0.639602
0.567204
0.329049
0.926308
0.769492
0.432351
0.577283
0.458120
0.828485
0.004885
0.183818
0.005195
0.276205
0.184137
0.442474
0.002923
0.267640
0.405062
0.816994
0.195703
0.431845
0.304787
0.232653
0.696776
0.565066
0.248212
0.182888
0.253841
0.900631
0.136938
0.389078
0.003675
0.395096
0.006737
0.481804
0.002968
0.021038
0.002799
0.274061
0.258046
0.077185
0.003447
0.251137
0.456313
0.307597
0.582039
0.347220
0.268724
0.451343
0.601622
0.630849
0.510631
0.382630
0.485230
0.014529
0.615853
0.249569
0.552334
0.688438
0.617553
0.408918
0.527178
0.615506
0.656663
0.651378
0.180253
0.319253
0.167765
0.245994
0.148723
0.444191
0.321167
0.002199
0.002465
0.649507
0.307283
0.608011
0.363635
0.011079
0.428983
0.372767
0.871945
0.003641
0.362317
0.763712
0.568763
0.505615
0.002879
0.364753
0.737614
0.175577
0.540986
0.337665
0.430536
0.071766
0.788127
0.004021
0.197763
0.556569
0.004053
0.004730
0.422132
0.369379
0.002587
0.330657
0.004457
0.498592
0.463691
0.442367
0.378558
0.208261
0.306315
0.003110
0.501863
0.297172
0.004502
0.010765
0.169296
0.208422
0.244770
0.162121
0.098114
0.482099
0.334794
0.244733
0.198697
0.468345
0.365144
0.521064
0.411688
0.467881
0.331798
0.403460
0.087090
0.281365
0.163064
0.485443
0.007959
0.502529
0.452091
0.773766
0.034996
0.393978
0.355326
0.263108
0.250811
0.396946
0.331684
0.429547
0.180470
0.272487
0.384356
0.243422
0.013959
0.387263
0.172643
0.156540
0.628912
0.452818
0.324616
0.482096
0.494214
0.395307
0.015173
0.003736
0.408744
0.506605
0.778640
0.402645
0.629726
0.659418
0.239883
0.241336
0.232702
0.535340
0.003003
0.002779
0.004780
0.502905
0.096472
0.154476
0.318086
0.003657
0.666851
0.004378
0.290294
0.510412
0.019899
0.479830
0.458199
0.535107
0.201159
0.491900
0.192492
0.228184
0.517525
0.132639
0.312820
0.393723
0.358014
0.100223
0.005651
0.274521
0.527903
0.166254
0.443727
0.398421
0.400214
0.096413
0.564180
0.431065
0.460317
0.355963
0.003798
0.509287
0.005046
0.301233
0.631224
0.142189
0.097070
0.015742
0.554518
0.005947
0.220222
0.678007
0.599459
0.160196
0.004150
0.567037
0.005492
0.337796
0.660241
0.497038
0.248720
0.638001
0.009393
0.227311
0.409633
0.687322
0.235005
0.032227
0.243299
0.518550
0.405052
0.226742
0.561217
0.108038
0.423088
0.363351
0.251725
0.506589
0.479315
0.506892
0.284996
0.278791
0.284415
0.003196
0.566100
0.124780
0.004848
0.418142
0.266063
0.218616
0.003606
0.247912
0.505258
0.533276
0.101427
0.769943
0.010813
0.833876
0.232479
0.569687
0.409429
0.380507
0.261279
0.480327
0.007444
0.396965
0.597362
0.268243
0.039175
0.003533
0.542215
0.003136
0.361392
0.142616
0.559740
0.494932
0.354454
0.003983
0.515486
0.002533
0.011540
0.147508
0.406405
0.792410
0.346958
0.328253
0.251750
0.005575
0.404738
0.515913
0.050484
0.653448
0.487273
0.687037
0.907973
0.227868
0.718897
0.740884
0.004259
0.008800
0.407999
0.024852
0.546283
0.474067
0.308988
0.241399
0.070937
0.853770
0.160657
0.432585
0.529903
0.743279
0.837014
0.005614
0.435185
0.902647
0.261018
0.004515
0.593186
0.449920
0.410500
0.878756
0.325572
0.152642
0.004754
0.285878
0.079355
0.470282
0.343659
0.005889
0.002972
0.487349
0.004291
0.704350
0.580599
0.362245
0.306448
0.147612
0.474265
0.193079
0.337266
0.216363
0.535816
0.512508
0.625806
0.018346
0.135732
0.506818
0.447434
0.002717
0.329652
0.125578
0.393836
0.225107
0.222541
0.501711
0.052384
0.407073
0.429023
0.003029
0.499105
0.570074
0.360333
0.180916
0.201907
0.188022
0.006595
0.008302
0.566808
0.105545
0.313245
0.331650
0.371463
0.505274
0.429767
0.310323
0.029016
0.218984
0.013332
0.450652
0.004988
0.739783
0.005062
0.616213
0.003457
0.002856
0.574280
0.312652
0.004270
0.006385
0.055326
0.664405
0.027394
0.658495
0.576069
0.510786
0.007282
0.498571
0.408056
0.755793
0.484734
0.331024
0.255963
0.003985
0.002654
0.292295
0.080542
0.636088
0.236165
0.343214
0.474101
0.276311
0.915638
0.007795
0.328970
0.135218
0.401012
0.277029
0.394449
0.320959
0.567475
0.600616
0.211349
0.004201
0.638982
0.312080
0.453470
0.807364
0.346124
0.202185
0.450446
0.265802
0.025549
0.006683
0.004700
0.482686
0.700397
0.493593
0.277675
0.551631
0.031894
0.005348
0.239249
0.126089
0.178729
0.298032
0.690239
0.388412
0.260969
0.145074
0.479878
0.010957
0.269289
0.005000
0.337897
0.187648
0.003421
0.148596
0.003454
0.541528
0.087335
0.203397
0.002444
0.049906
0.609359
0.289750
0.348605
0.635679
0.003822
0.357212
0.173651
0.402585
0.154389
0.399426
0.002848
0.002967
0.830139
0.004980
0.278260
0.524902
0.010165
0.300512
0.003853
0.003027
0.636848
0.366798
0.229296
0.002571
0.758626
0.122742
0.664616
0.358042
0.736722
0.167190
0.020095
0.003130
0.137234
0.153496
0.002535
0.010221
0.437881
0.660055
0.551785
0.384530
0.539075
0.194635
0.385466
0.261524
0.300784
0.595729
0.244906
0.493129
0.314837
0.229786
0.401555
0.530383
0.241262
0.005491
0.390960
0.689726
0.775889
0.458910
0.005763
0.008229
0.181872
0.518565
0.005930
0.124151
0.002985
0.646422
0.004093
0.008085
0.424141
0.156309
0.436415
0.020995
0.365815
0.382243
0.426359
0.390660
