
Graph: ba_500_2
M 	    MAE 			        Time
50 	    0.1888346431490208 	    260.24733996391296
100 	0.12795555265796665 	530.3276460170746
150 	0.10948508872302391 	920.2319288253784
200 	0.09001904875804011 	1190.9978787899017
250 	0.08643094066800555 	1977.478327035904

Graph: sf_1500_041_054_005
M 	    MAE 			        Time
50 	    0.24313466278648593 	326.54699897766113
100 	0.24328740894077452 	827.7928490638733
150 	0.25722193666063686 	1300.8197901248932
200 	0.2504569013558993 	    1778.495120048523
250 	0.2775060187235756 	    2559.9085791110992

er_100_01
M       MAE                     Time
50      0.1537274973595807      76.864592167 
100     0.10014648985141174     50.579500958000004 
150     0.08054020295257822     51.23572745800001 
200     0.07080362656166372     80.787407833 
250     0.062363257620272144    109.99495091600001 

er_100_01
M       MAE                     Time
50      0.15098964056827816     76.987831056 
100     0.10406265087873574     129.229322302 
150     0.08322353494725654     140.36089727200002 
200     0.07047550713690302     218.485182234 
250     0.0650122506630424      324.103412803 

Graph: er_50_005
M 	MAE 			Time
50 	0.35817701213721737 	5.914083957672119
100 	0.3300625978867549 	0.4701969623565674
150 	0.33426772568243523 	4.487742900848389
200 	0.3176456178089964 	5.852161169052124
250 	0.3197814618674169 	8.181125164031982

Graph: er_50_005
M 	MAE 			Time
50 	0.2053928848761714 	5.325466871261597
100 	0.1526862065777942 	0.933474063873291
150 	0.13043062065874278 	0.677436113357544
200 	0.12961173018805494 	1.0022308826446533
250 	0.11950966672892027 	1.260772943496704

Graph: er_50_005
M 	MAE 			Time
50 	0.2053928848761714 	5.3334801197052
100 	0.1526862065777942 	0.91880202293396
150 	0.13043062065874278 	0.6404130458831787
200 	0.12961173018805494 	0.9979817867279053
250 	0.11950966672892027 	1.2302889823913574

Graph: er_50_005
M		MAE						Time
50		0.2053928848761714		5.4081361293792725
